1                0.021184         540             
2                0.042144         540             
3                0.046464         540             
4                0.067424         540             
5                0.088384         540             
6                0.092704         540             
7                0.130304         540             
8                0.134624         540             
9                0.155584         540             
10               0.176544         540             
11               0.197504         540             
12               0.218464         540             
13               0.239424         540             
14               0.260384         540             
15               0.281344         540             
16               0.302304         540             
17               0.306624         540             
18               0.344224         540             
19               0.348544         540             
20               0.386144         540             
21               0.390464         540             
22               0.411424         540             
23               0.432384         540             
24               0.445024         540             
25               0.457664         540             
26               0.470304         540             
27               0.482944         540             
28               0.495584         540             
29               0.508224         540             
30               0.520864         540             
31               0.533504         540             
32               0.537824         540             
33               0.550464         540             
34               0.571424         540             
35               0.584064         540             
36               0.588384         540             
37               0.601024         540             
38               0.613664         540             
39               0.634624         540             
40               0.638944         540             
41               0.651584         540             
42               0.664224         540             
43               0.676864         540             
44               0.689504         540             
45               0.702144         540             
46               0.706464         540             
47               0.719104         540             
48               0.731744         540             
49               0.744384         540             
50               0.757024         540             
51               0.761344         540             
52               0.773984         540             
53               0.786624         540             
54               0.799264         540             
55               0.803584         540             
56               0.816224         540             
57               0.828864         540             
58               0.841504         540             
59               0.854144         540             
60               0.858464         540             
61               0.871104         540             
62               0.883744         540             
63               0.896384         540             
64               0.909024         540             
65               0.913344         540             
66               0.925984         540             
67               0.938624         540             
68               0.951264         540             
69               0.955584         540             
70               0.968224         540             
71               0.980864         540             
72               0.985184         540             
73               0.997824         540             
