0.12	0.00
0.12	448.00
0.12	448.00
0.13	448.00
0.13	448.00
0.14	448.00
0.14	448.00
0.14	448.00
0.15	448.00
0.15	448.00
0.15	448.00
0.16	448.00
0.16	448.00
0.17	448.00
0.17	448.00
0.17	448.00
0.18	448.00
0.18	448.00
0.18	448.00
0.19	448.00
0.19	448.00
0.20	448.00
0.20	448.00
0.20	448.00
0.21	448.00
0.21	448.00
0.21	448.00
0.22	448.00
0.22	448.00
0.23	448.00
0.23	448.00
0.23	448.00
0.24	448.00
0.24	448.00
0.24	448.00
0.25	448.00
0.25	448.00
0.26	448.00
0.26	448.00
0.26	448.00
0.27	448.00
0.27	448.00
0.27	448.00
0.28	448.00
0.28	448.00
0.29	448.00
0.29	448.00
0.29	448.00
0.30	448.00
0.30	448.00
0.30	448.00
0.31	448.00
0.31	448.00
0.32	448.00
0.32	448.00
0.32	448.00
0.33	448.00
0.33	448.00
0.33	448.00
0.34	448.00
0.34	448.00
0.35	448.00
0.35	448.00
0.35	448.00
0.36	448.00
0.36	448.00
0.36	448.00
0.37	448.00
0.37	448.00
0.38	448.00
0.38	448.00
0.38	448.00
0.39	448.00
0.39	448.00
0.39	448.00
0.40	448.00
0.40	448.00
0.41	448.00
0.41	448.00
0.41	448.00
0.42	448.00
0.42	448.00
0.42	448.00
0.43	448.00
0.43	448.00
0.44	448.00
0.44	448.00
0.44	448.00
0.45	448.00
0.45	448.00
0.45	448.00
0.46	448.00
0.46	448.00
0.47	448.00
0.47	448.00
0.47	448.00
0.48	448.00
0.48	448.00
0.48	448.00
0.49	448.00
0.49	448.00
0.50	448.00
0.50	448.00
0.50	448.00
0.51	448.00
0.51	448.00
0.51	448.00
0.51	0.00
