0.12	0.00
0.13	224.00
0.14	224.00
0.14	224.00
0.15	224.00
0.16	224.00
0.17	224.00
0.17	224.00
0.18	224.00
0.19	224.00
0.20	224.00
0.20	224.00
0.21	224.00
0.22	224.00
0.23	224.00
0.23	224.00
0.24	224.00
0.25	224.00
0.26	224.00
0.26	224.00
0.27	224.00
0.28	224.00
0.29	224.00
0.29	224.00
0.30	224.00
0.31	224.00
0.32	224.00
0.32	224.00
0.33	224.00
0.34	224.00
0.35	224.00
0.35	224.00
0.36	224.00
0.37	224.00
0.38	224.00
0.38	224.00
0.39	224.00
0.40	224.00
0.41	224.00
0.41	224.00
0.42	224.00
0.43	224.00
0.44	224.00
0.44	224.00
0.45	224.00
0.46	224.00
0.47	224.00
0.47	224.00
0.48	224.00
0.49	224.00
0.50	224.00
0.50	224.00
0.51	224.00
0.51	0.00
